0.0200928 1000
0.0410224 0
0.0410224 1000
0.0410224 2000
0.0619088 1000
0.0619088 2000
0.0619088 3000
0.0619088 4000
0.0691436 3000
0.0691436 4000
0.0691436 5000
0.0836133 4000
0.0836133 5000
0.0836133 6000
0.0836133 7000
0.088337 6000
0.088337 7000
0.088337 8000
0.0930608 7000
0.0930608 8000
0.0930608 9000
0.0930608 10000
0.0952811 9000
0.0975014 8000
0.0975014 9000
0.0975014 10000
0.106383 9000
0.106383 10000
0.106383 11000
0.106383 12000
0.108603 11000
0.108603 12000
0.108603 13000
0.110823 12000
0.110823 13000
0.110823 14000
0.110823 15000
0.113044 14000
0.113044 15000
0.113044 16000
0.115264 15000
0.115264 16000
0.115264 17000
0.115264 18000
0.117417 17000
0.117417 18000
0.117417 19000
0.119032 18000
0.119032 19000
0.12007 18000
0.12007 19000
0.12007 20000
0.121109 19000
0.121109 20000
0.121109 21000
0.121109 22000
0.122147 21000
0.122147 22000
0.122147 23000
0.12734 22000
0.12734 23000
0.12734 24000
0.12734 25000
0.128378 24000
0.128378 25000
0.128378 26000
0.129417 25000
0.129417 26000
0.129417 27000
0.129417 28000
0.130455 27000
0.130455 28000
0.130455 29000
0.131494 28000
0.131494 29000
0.131494 30000
0.131494 31000
0.132532 30000
0.132532 31000
0.132532 32000
0.133571 31000
0.133571 32000
0.133571 33000
0.133571 34000
0.134609 33000
0.134609 34000
0.134609 35000
0.135648 34000
0.135648 35000
0.135648 36000
0.135648 37000
0.136686 36000
0.136686 37000
0.136686 38000
0.137725 37000
0.137725 38000
0.137725 39000
0.137725 40000
0.138763 39000
0.138763 40000
0.138763 41000
0.139802 40000
0.139802 41000
0.139802 42000
0.139802 43000
0.14084 42000
0.14084 43000
0.14084 44000
0.141821 43000
0.141821 44000
0.141821 45000
0.141821 46000
0.14268 45000
0.14268 46000
0.14268 47000
0.143523 46000
0.144366 45000
0.144366 46000
0.144366 47000
0.144366 48000
0.145209 47000
0.145209 48000
0.145209 49000
0.146053 48000
0.146053 49000
0.146053 50000
0.146053 51000
0.146896 50000
0.146896 51000
0.146896 52000
0.147739 51000
0.147739 52000
0.147739 53000
0.147739 54000
0.148582 53000
0.148582 54000
0.148582 55000
0.149425 54000
0.149425 55000
0.149425 56000
0.149425 57000
0.150269 56000
0.150269 57000
0.150269 58000
0.151112 57000
0.151112 58000
0.151112 59000
0.151112 60000
0.151955 59000
0.151955 60000
0.151955 61000
0.152798 60000
0.152798 61000
0.152798 62000
0.152798 63000
0.153641 62000
0.153641 63000
0.153641 64000
0.154485 63000
0.154485 64000
0.154485 65000
0.154485 66000
0.155328 65000
0.156171 64000
0.156171 65000
0.156171 66000
0.157014 65000
0.157857 64000
0.157857 65000
0.157857 66000
0.158701 65000
0.158701 66000
0.159544 65000
0.159544 66000
0.159544 67000
0.160387 66000
0.16123 65000
0.16123 66000
0.16123 67000
0.16123 68000
0.162073 67000
0.162917 66000
0.162917 67000
0.162917 68000
0.16376 67000
0.164603 66000
0.164603 67000
0.164603 68000
0.164603 69000
0.165446 68000
0.165446 69000
0.166289 68000
0.166289 69000
0.166289 70000
0.167133 69000
0.167976 68000
0.167976 69000
0.167976 70000
0.168819 69000
0.169662 68000
0.169662 69000
0.169662 70000
0.170505 69000
0.171349 68000
0.171349 69000
0.171349 70000
0.172192 69000
0.172192 70000
0.173035 69000
0.173035 70000
0.173035 71000
0.173878 70000
0.174721 69000
0.174721 70000
0.174721 71000
0.175565 70000
0.176408 69000
0.176408 70000
0.176408 71000
0.177251 70000
0.178094 69000
0.178094 70000
0.178094 71000
0.178937 70000
0.179781 69000
0.179781 70000
0.179781 71000
0.180624 70000
0.181467 69000
0.181467 70000
0.181467 71000
0.18231 70000
0.183153 69000
0.183153 70000
0.183153 71000
0.183997 70000
0.18484 69000
0.18484 70000
0.18484 71000
0.185683 70000
0.186526 69000
0.186526 70000
0.186526 71000
0.187369 70000
0.188213 69000
0.188213 70000
0.188213 71000
0.189056 70000
0.189899 69000
0.189899 70000
0.189899 71000
0.190742 70000
0.191585 69000
0.191585 70000
0.191585 71000
0.192429 70000
0.193272 69000
0.193272 70000
0.193272 71000
0.194115 70000
0.194958 69000
0.194958 70000
0.194958 71000
0.195801 70000
0.196645 69000
0.196645 70000
0.196645 71000
0.197488 70000
0.198331 69000
0.198331 70000
0.198331 71000
0.199174 70000
0.200017 69000
0.200017 70000
0.200017 71000
0.200861 70000
0.201704 69000
0.201704 70000
0.201704 71000
0.202547 70000
0.20339 69000
0.20339 70000
0.20339 71000
0.204233 70000
0.205077 69000
0.205077 70000
0.205077 71000
0.20592 70000
0.206763 69000
0.206763 70000
0.206763 71000
0.207606 70000
0.208449 69000
0.208449 70000
0.208449 71000
0.209293 70000
0.210136 69000
0.210136 70000
0.210136 71000
0.210979 70000
0.211822 69000
0.211822 70000
0.211822 71000
0.212665 70000
0.213509 69000
0.213509 70000
0.213509 71000
0.214352 70000
0.215195 69000
0.215195 70000
0.215195 71000
0.216038 70000
0.216881 69000
0.216881 70000
0.216881 71000
0.217725 70000
0.218568 69000
0.218568 70000
0.218568 71000
0.219411 70000
0.220254 69000
0.220254 70000
0.220254 71000
0.221097 70000
0.221941 69000
0.221941 70000
0.221941 71000
0.222784 70000
0.223627 69000
0.223627 70000
0.223627 71000
0.22447 70000
0.225313 69000
0.225313 70000
0.225313 71000
0.226157 70000
0.227 69000
0.227 70000
0.227 71000
0.227843 70000
0.228686 69000
0.228686 70000
0.228686 71000
0.229529 70000
0.230373 69000
0.230373 70000
0.230373 71000
0.231216 70000
0.232059 69000
0.232059 70000
0.232059 71000
0.232902 70000
0.233745 69000
0.233745 70000
0.233745 71000
0.234589 70000
0.235432 69000
0.235432 70000
0.235432 71000
0.236275 70000
0.237118 69000
0.237118 70000
0.237118 71000
0.237961 70000
0.238805 69000
0.238805 70000
0.238805 71000
0.239648 70000
0.240491 69000
0.240491 70000
0.240491 71000
0.241334 70000
0.242177 69000
0.242177 70000
0.242177 71000
0.243021 70000
0.243864 69000
0.243864 70000
0.243864 71000
0.244707 70000
0.24555 69000
0.24555 70000
0.24555 71000
0.246393 70000
0.247237 69000
0.247237 70000
0.247237 71000
0.24808 70000
0.248923 69000
0.248923 70000
0.248923 71000
0.249766 70000
0.250609 69000
0.250609 70000
0.250609 71000
0.251453 70000
0.252296 69000
0.252296 70000
0.252296 71000
0.253139 70000
0.253982 69000
0.253982 70000
0.253982 71000
0.254825 70000
0.255669 69000
0.255669 70000
0.255669 71000
0.256512 70000
0.257355 69000
0.257355 70000
0.257355 71000
0.258198 70000
0.259041 69000
0.259041 70000
0.259041 71000
0.259885 70000
0.260728 69000
0.260728 70000
0.260728 71000
0.261571 70000
0.262414 69000
0.262414 70000
0.262414 71000
0.263257 70000
0.264101 69000
0.264101 70000
0.264101 71000
0.264944 70000
0.265787 69000
0.265787 70000
0.265787 71000
0.26663 70000
0.267473 69000
0.267473 70000
0.267473 71000
0.268317 70000
0.26916 69000
0.26916 70000
0.26916 71000
0.270003 70000
0.270846 69000
0.270846 70000
0.270846 71000
0.271689 70000
0.272533 69000
0.272533 70000
0.272533 71000
0.273376 70000
0.274219 69000
0.274219 70000
0.274219 71000
0.275062 70000
0.275905 69000
0.275905 70000
0.275905 71000
0.276749 70000
0.277592 69000
0.277592 70000
0.277592 71000
0.278435 70000
0.279278 69000
0.279278 70000
0.279278 71000
0.280121 70000
0.280965 69000
0.280965 70000
0.280965 71000
0.281808 70000
0.282651 69000
0.282651 70000
0.282651 71000
0.283494 70000
0.284337 69000
0.284337 70000
0.284337 71000
0.285181 70000
0.286024 69000
0.286024 70000
0.286024 71000
0.286867 70000
0.28771 69000
0.28771 70000
0.28771 71000
0.288553 70000
0.289397 69000
0.289397 70000
0.289397 71000
0.29024 70000
0.291083 69000
0.291083 70000
0.291083 71000
0.291926 70000
0.292769 69000
0.292769 70000
0.292769 71000
0.293613 70000
0.294456 69000
0.294456 70000
0.294456 71000
0.295299 70000
0.296142 69000
0.296142 70000
0.296142 71000
0.296985 70000
0.297829 69000
0.297829 70000
0.297829 71000
0.298672 70000
0.299515 69000
0.299515 70000
0.299515 71000
0.299515 72000
0.300358 71000
0.301201 70000
0.301201 71000
0.301201 72000
0.302045 71000
0.303513 70000
0.303513 71000
0.303513 72000
0.305898 71000
0.308282 70000
0.308282 71000
0.308282 72000
0.308282 73000
0.310667 72000
0.313051 71000
0.313051 72000
0.313051 73000
0.315436 72000
0.31782 71000
0.31782 72000
0.31782 73000
0.320205 72000
0.32258 71000
0.32258 72000
0.32258 73000
0.324956 72000
0.327294 71000
0.329632 70000
0.33197 69000
0.334309 68000
0.336647 67000
0.338985 66000
0.341323 65000
0.343661 64000
0.346 63000
0.346851 62000
0.347703 61000
0.348555 60000
0.349406 59000
0.350258 58000
0.35111 57000
0.351961 56000
0.352813 55000
0.353664 54000
0.354516 53000
0.355368 52000
0.356219 51000
0.357071 50000
0.357923 49000
0.357923 50000
0.357923 51000
0.358774 50000
0.359626 49000
0.359626 50000
0.359626 51000
0.360478 50000
0.361329 49000
0.361329 50000
0.361329 51000
0.362181 50000
0.363033 49000
0.363033 50000
0.363033 51000
0.363884 50000
0.364736 49000
0.364736 50000
0.364736 51000
0.365588 50000
0.366439 49000
0.366439 50000
0.366439 51000
0.367291 50000
0.368143 49000
0.368143 50000
0.368143 51000
0.368994 50000
0.369846 49000
0.369846 50000
0.369846 51000
0.370698 50000
0.371549 49000
0.371549 50000
0.371549 51000
0.372401 50000
0.373253 49000
0.373253 50000
0.373253 51000
0.374104 50000
0.374956 49000
0.374956 50000
0.374956 51000
0.375807 50000
0.376659 49000
0.376659 50000
0.376659 51000
0.377511 50000
0.378362 49000
0.378362 50000
0.378362 51000
0.379214 50000
0.380066 49000
0.380066 50000
0.380066 51000
0.380917 50000
0.381769 49000
0.381769 50000
0.381769 51000
0.382621 50000
0.383472 49000
0.383472 50000
0.383472 51000
0.384324 50000
0.385176 49000
0.385176 50000
0.385176 51000
0.386027 50000
0.386879 49000
0.386879 50000
0.386879 51000
0.387731 50000
0.388582 49000
0.388582 50000
0.388582 51000
0.389434 50000
0.390286 49000
0.390286 50000
0.390286 51000
0.391137 50000
0.391989 49000
0.391989 50000
0.391989 51000
0.392841 50000
0.393692 49000
0.393692 50000
0.393692 51000
0.394544 50000
0.395396 49000
0.395396 50000
0.395396 51000
0.396247 50000
0.397099 49000
0.397099 50000
0.397099 51000
0.39795 50000
0.398802 49000
0.398802 50000
0.398802 51000
0.399654 50000
0.400505 49000
0.400505 50000
0.400505 51000
0.401357 50000
0.402209 49000
0.402209 50000
0.402209 51000
0.40306 50000
0.403912 49000
0.403912 50000
0.403912 51000
0.404764 50000
0.405615 49000
0.405615 50000
0.405615 51000
0.406467 50000
0.407319 49000
0.407319 50000
0.407319 51000
0.40817 50000
0.409022 49000
0.409022 50000
0.409022 51000
0.409874 50000
0.410725 49000
0.410725 50000
0.410725 51000
0.411577 50000
0.412429 49000
0.412429 50000
0.412429 51000
0.41328 50000
0.414132 49000
0.414132 50000
0.414132 51000
0.414984 50000
0.415835 49000
0.415835 50000
0.415835 51000
0.416687 50000
0.417539 49000
0.417539 50000
0.417539 51000
0.41839 50000
0.419242 49000
0.419242 50000
0.419242 51000
0.420093 50000
0.420945 49000
0.420945 50000
0.420945 51000
0.421797 50000
0.422648 49000
0.422648 50000
0.422648 51000
0.4235 50000
0.424352 49000
0.424352 50000
0.424352 51000
0.425203 50000
0.426055 49000
0.426055 50000
0.426055 51000
0.426907 50000
0.427758 49000
0.427758 50000
0.427758 51000
0.42861 50000
0.429462 49000
0.429462 50000
0.429462 51000
0.430313 50000
0.431165 49000
0.431165 50000
0.431165 51000
0.432017 50000
0.432868 49000
0.432868 50000
0.432868 51000
0.43372 50000
0.434572 49000
0.434572 50000
0.434572 51000
0.435423 50000
0.436275 49000
0.436275 50000
0.436275 51000
0.437127 50000
0.437978 49000
0.437978 50000
0.437978 51000
0.43883 50000
0.439682 49000
0.439682 50000
0.439682 51000
0.440533 50000
0.441385 49000
0.441385 50000
0.441385 51000
0.442236 50000
0.443088 49000
0.443088 50000
0.443088 51000
0.44394 50000
0.444791 49000
0.444791 50000
0.444791 51000
0.445643 50000
0.446495 49000
0.446495 50000
0.446495 51000
0.447346 50000
0.448198 49000
0.448198 50000
0.448198 51000
0.44905 50000
0.449901 49000
0.449901 50000
0.449901 51000
0.450753 50000
0.451605 49000
0.451605 50000
0.451605 51000
0.452456 50000
0.453308 49000
0.453308 50000
0.453308 51000
0.45416 50000
0.455011 49000
0.455011 50000
0.455011 51000
0.455863 50000
0.456715 49000
0.456715 50000
0.456715 51000
0.457566 50000
0.458418 49000
0.458418 50000
0.458418 51000
0.45927 50000
0.460121 49000
0.460121 50000
0.460121 51000
0.460973 50000
0.461825 49000
0.461825 50000
0.461825 51000
0.462676 50000
0.463528 49000
0.463528 50000
0.463528 51000
0.464379 50000
0.465231 49000
0.465231 50000
0.465231 51000
0.466083 50000
0.466934 49000
0.466934 50000
0.466934 51000
0.467786 50000
0.468638 49000
0.468638 50000
0.468638 51000
0.469489 50000
0.470341 49000
0.470341 50000
0.470341 51000
0.471193 50000
0.472044 49000
0.472044 50000
0.472044 51000
0.472896 50000
0.473748 49000
0.473748 50000
0.473748 51000
0.474599 50000
0.475451 49000
0.475451 50000
0.475451 51000
0.476303 50000
0.477154 49000
0.477154 50000
0.477154 51000
0.478006 50000
0.478858 49000
0.478858 50000
0.478858 51000
0.479709 50000
0.480561 49000
0.480561 50000
0.480561 51000
0.481413 50000
0.482264 49000
0.482264 50000
0.482264 51000
0.483116 50000
0.483968 49000
0.483968 50000
0.483968 51000
0.484819 50000
0.485662 49000
0.485662 50000
0.485662 51000
0.486506 50000
0.487349 49000
0.487349 50000
0.487349 51000
0.488192 50000
0.489035 49000
0.489035 50000
0.489035 51000
0.489878 50000
0.490722 49000
0.490722 50000
0.490722 51000
0.491565 50000
0.492408 49000
0.492408 50000
0.492408 51000
0.493251 50000
0.494094 49000
0.494094 50000
0.494094 51000
0.494938 50000
0.495781 49000
0.495781 50000
0.495781 51000
0.496624 50000
0.497467 49000
0.497467 50000
0.497467 51000
0.49831 50000
0.499154 49000
0.499154 50000
0.499154 51000
0.499997 50000
0.50084 49000
0.50084 50000
0.50084 51000
0.501683 50000
0.502526 49000
0.502526 50000
0.502526 51000
0.50337 50000
0.504213 49000
0.504213 50000
0.504213 51000
0.505056 50000
0.505899 49000
0.505899 50000
0.505899 51000
0.506742 50000
0.507586 49000
0.507586 50000
0.507586 51000
0.508429 50000
0.509272 49000
0.509272 50000
0.509272 51000
0.510115 50000
0.510958 49000
0.510958 50000
0.510958 51000
0.511802 50000
0.512645 49000
0.512645 50000
0.512645 51000
0.513488 50000
0.514331 49000
0.514331 50000
0.514331 51000
0.515174 50000
0.516018 49000
0.516018 50000
0.516018 51000
0.516861 50000
0.517704 49000
0.517704 50000
0.517704 51000
0.518547 50000
0.51939 49000
0.51939 50000
0.51939 51000
0.520234 50000
0.521077 49000
0.521077 50000
0.521077 51000
0.52192 50000
0.522763 49000
0.522763 50000
0.522763 51000
0.523606 50000
0.52445 49000
0.525293 48000
0.525293 49000
0.525293 50000
0.526136 49000
0.526979 48000
0.526979 49000
0.526979 50000
0.527822 49000
0.528666 48000
0.528666 49000
0.528666 50000
0.529509 49000
0.530352 48000
0.530352 49000
0.530352 50000
0.531195 49000
0.532038 48000
0.532038 49000
0.532038 50000
0.532882 49000
0.533725 48000
0.533725 49000
0.533725 50000
0.534568 49000
0.535411 48000
0.535411 49000
0.535411 50000
0.536254 49000
0.537098 48000
0.537098 49000
0.537098 50000
0.537941 49000
0.538784 48000
0.538784 49000
0.538784 50000
0.539627 49000
0.54047 48000
0.54047 49000
0.54047 50000
0.541314 49000
0.542157 48000
0.542157 49000
0.542157 50000
0.543 49000
0.543843 48000
0.543843 49000
0.543843 50000
0.544686 49000
0.54553 48000
0.54553 49000
0.54553 50000
0.546373 49000
0.547216 48000
0.547216 49000
0.547216 50000
0.548059 49000
0.548902 48000
0.548902 49000
0.548902 50000
0.549746 49000
0.550589 48000
0.550589 49000
0.550589 50000
0.551432 49000
0.552275 48000
0.552275 49000
0.552275 50000
0.553118 49000
0.553962 48000
0.553962 49000
0.553962 50000
0.554805 49000
0.555648 48000
0.555648 49000
0.555648 50000
0.556491 49000
0.557334 48000
0.557334 49000
0.557334 50000
0.558178 49000
0.559021 48000
0.559021 49000
0.559021 50000
0.559864 49000
0.560707 48000
0.560707 49000
0.560707 50000
0.56155 49000
0.562394 48000
0.562394 49000
0.562394 50000
0.563237 49000
0.56408 48000
0.56408 49000
0.56408 50000
0.564923 49000
0.565766 48000
0.565766 49000
0.565766 50000
0.56661 49000
0.567453 48000
0.567453 49000
0.567453 50000
0.567453 51000
0.568296 50000
0.569139 49000
0.569139 50000
0.569139 51000
0.569982 50000
0.570826 49000
0.570826 50000
0.570826 51000
0.571669 50000
0.572512 49000
0.572512 50000
0.572512 51000
0.573355 50000
0.574198 49000
0.574198 50000
0.574198 51000
0.575042 50000
0.575885 49000
0.575885 50000
0.575885 51000
0.576728 50000
0.577571 49000
0.577571 50000
0.577571 51000
0.578414 50000
0.579258 49000
0.579258 50000
0.579258 51000
0.580101 50000
0.580944 49000
0.580944 50000
0.580944 51000
0.581787 50000
0.58263 49000
0.58263 50000
0.58263 51000
0.583474 50000
0.584317 49000
0.584317 50000
0.584317 51000
0.58516 50000
0.586003 49000
0.586003 50000
0.586003 51000
0.586846 50000
0.58769 49000
0.58769 50000
0.58769 51000
0.588533 50000
0.589376 49000
0.589376 50000
0.589376 51000
0.590219 50000
0.591062 49000
0.591062 50000
0.591062 51000
0.591906 50000
0.592749 49000
0.592749 50000
0.592749 51000
0.593592 50000
0.594435 49000
0.594435 50000
0.594435 51000
0.595278 50000
0.596122 49000
0.596122 50000
0.596122 51000
0.596965 50000
0.597808 49000
0.597808 50000
0.597808 51000
0.598651 50000
0.599494 49000
0.599494 50000
0.599494 51000
0.600338 50000
0.601181 49000
0.601181 50000
0.601181 51000
0.602024 50000
0.602867 49000
0.602867 50000
0.602867 51000
0.60371 50000
0.604554 49000
0.604554 50000
0.604554 51000
0.605397 50000
0.60624 49000
0.60624 50000
0.60624 51000
0.607083 50000
0.607926 49000
0.607926 50000
0.607926 51000
0.60877 50000
0.609613 49000
0.609613 50000
0.609613 51000
0.610456 50000
0.611299 49000
0.611299 50000
0.611299 51000
0.612142 50000
0.612986 49000
0.612986 50000
0.612986 51000
0.613829 50000
0.614672 49000
0.614672 50000
0.614672 51000
0.615515 50000
0.616358 49000
0.616358 50000
0.616358 51000
0.617202 50000
0.618045 49000
0.618045 50000
0.618045 51000
0.618888 50000
0.619731 49000
0.619731 50000
0.619731 51000
0.620574 50000
0.621418 49000
0.621418 50000
0.621418 51000
0.622261 50000
0.623104 49000
0.623104 50000
0.623104 51000
0.623947 50000
0.62479 49000
0.62479 50000
0.62479 51000
0.625634 50000
0.626477 49000
0.626477 50000
0.626477 51000
0.62732 50000
0.628163 49000
0.628163 50000
0.628163 51000
0.629006 50000
0.62985 49000
0.62985 50000
0.62985 51000
0.630693 50000
0.631536 49000
0.631536 50000
0.631536 51000
0.632379 50000
0.633222 49000
0.633222 50000
0.633222 51000
0.634066 50000
0.634909 49000
0.634909 50000
0.634909 51000
0.635752 50000
0.636595 49000
0.636595 50000
0.636595 51000
0.637438 50000
0.638282 49000
0.638282 50000
0.638282 51000
0.639125 50000
0.639968 49000
0.639968 50000
0.639968 51000
0.640811 50000
0.641654 49000
0.641654 50000
0.641654 51000
0.642498 50000
0.643341 49000
0.643341 50000
0.643341 51000
0.644189 50000
0.645042 49000
0.645042 50000
0.645042 51000
0.645896 50000
0.646739 49000
0.646739 50000
0.646739 51000
0.647582 50000
0.648426 49000
0.648426 50000
0.648426 51000
0.649269 50000
0.650112 49000
0.650112 50000
0.650112 51000
0.650955 50000
0.651798 49000
0.651798 50000
0.651798 51000
0.652642 50000
0.653485 49000
0.653485 50000
0.653485 51000
0.654328 50000
0.655171 49000
0.655171 50000
0.655171 51000
0.656014 50000
0.656858 49000
0.656858 50000
0.656858 51000
0.657701 50000
0.658544 49000
0.658544 50000
0.658544 51000
0.659387 50000
0.66023 49000
0.66023 50000
0.66023 51000
0.661074 50000
0.661917 49000
0.661917 50000
0.661917 51000
0.66276 50000
0.663603 49000
0.663603 50000
0.663603 51000
0.664446 50000
0.66529 49000
0.66529 50000
0.66529 51000
0.666133 50000
0.666976 49000
0.666976 50000
0.666976 51000
0.667819 50000
0.668662 49000
0.668662 50000
0.668662 51000
0.669506 50000
0.670349 49000
0.670349 50000
0.670349 51000
0.671192 50000
0.672035 49000
0.672035 50000
0.672035 51000
0.672878 50000
0.673722 49000
0.673722 50000
0.673722 51000
0.674565 50000
0.675408 49000
0.675408 50000
0.675408 51000
0.676251 50000
0.677094 49000
0.677094 50000
0.677094 51000
0.677938 50000
0.678781 49000
0.678781 50000
0.678781 51000
0.679624 50000
0.680467 49000
0.680467 50000
0.680467 51000
0.68131 50000
0.682154 49000
0.682154 50000
0.682154 51000
0.682997 50000
0.68384 49000
0.68384 50000
0.68384 51000
0.684683 50000
0.685526 49000
0.685526 50000
0.685526 51000
0.68637 50000
0.687213 49000
0.687213 50000
0.687213 51000
0.688056 50000
0.688899 49000
0.688899 50000
0.688899 51000
0.689742 50000
0.690586 49000
0.690586 50000
0.690586 51000
0.691429 50000
0.692272 49000
0.692272 50000
0.692272 51000
0.693115 50000
0.693958 49000
0.693958 50000
0.693958 51000
0.694802 50000
0.695645 49000
0.695645 50000
0.695645 51000
0.696488 50000
0.697331 49000
0.697331 50000
0.697331 51000
0.698174 50000
0.699018 49000
0.699018 50000
0.699018 51000
0.699861 50000
0.700704 49000
0.700704 50000
0.700704 51000
0.701547 50000
0.70239 49000
0.70239 50000
0.70239 51000
0.703234 50000
0.704077 49000
0.704077 50000
0.704077 51000
0.70492 50000
0.705763 49000
0.705763 50000
0.705763 51000
0.706606 50000
0.70745 49000
0.70745 50000
0.70745 51000
0.708293 50000
0.709136 49000
0.709136 50000
0.709136 51000
0.709979 50000
0.710822 49000
0.710822 50000
0.710822 51000
0.711666 50000
0.712509 49000
0.712509 50000
0.712509 51000
0.713352 50000
0.714195 49000
0.714195 50000
0.714195 51000
0.715038 50000
0.715882 49000
0.715882 50000
0.715882 51000
0.716725 50000
0.717568 49000
0.717568 50000
0.717568 51000
0.718411 50000
0.719254 49000
0.719254 50000
0.719254 51000
0.720098 50000
0.720941 49000
0.720941 50000
0.720941 51000
0.721784 50000
0.722627 49000
0.722627 50000
0.722627 51000
0.72347 50000
0.724314 49000
0.724314 50000
0.724314 51000
0.725157 50000
0.726 49000
0.726 50000
0.726 51000
0.726843 50000
0.727686 49000
0.727686 50000
0.727686 51000
0.72853 50000
0.729373 49000
0.729373 50000
0.729373 51000
0.730216 50000
0.731059 49000
0.731059 50000
0.731059 51000
0.731902 50000
0.732746 49000
0.732746 50000
0.732746 51000
0.733589 50000
0.734432 49000
0.734432 50000
0.734432 51000
0.735275 50000
0.736118 49000
0.736118 50000
0.736118 51000
0.736962 50000
0.737805 49000
0.737805 50000
0.737805 51000
0.738648 50000
0.739491 49000
0.739491 50000
0.739491 51000
0.740334 50000
0.741178 49000
0.741178 50000
0.741178 51000
0.742021 50000
0.742864 49000
0.742864 50000
0.742864 51000
0.743707 50000
0.74455 49000
0.74455 50000
0.74455 51000
0.745394 50000
0.746237 49000
0.746237 50000
0.746237 51000
0.74708 50000
0.747923 49000
0.747923 50000
0.747923 51000
0.748766 50000
0.74961 49000
0.74961 50000
0.74961 51000
0.750453 50000
0.751296 49000
0.751296 50000
0.751296 51000
0.752139 50000
0.752982 49000
0.752982 50000
0.752982 51000
0.753826 50000
0.754669 49000
0.754669 50000
0.754669 51000
0.755512 50000
0.756355 49000
0.756355 50000
0.756355 51000
0.757198 50000
0.758042 49000
0.758042 50000
0.758042 51000
0.758885 50000
0.759728 49000
0.759728 50000
0.759728 51000
0.760571 50000
0.761414 49000
0.761414 50000
0.761414 51000
0.762258 50000
0.763101 49000
0.763101 50000
0.763101 51000
0.763944 50000
0.764787 49000
0.764787 50000
0.764787 51000
0.76563 50000
0.766474 49000
0.766474 50000
0.766474 51000
0.767317 50000
0.76816 49000
0.76816 50000
0.76816 51000
0.769003 50000
0.769846 49000
0.769846 50000
0.769846 51000
0.77069 50000
0.771533 49000
0.771533 50000
0.771533 51000
0.772376 50000
0.773219 49000
0.773219 50000
0.773219 51000
0.774062 50000
0.774906 49000
0.774906 50000
0.774906 51000
0.775749 50000
0.776592 49000
0.776592 50000
0.776592 51000
0.777435 50000
0.778278 49000
0.778278 50000
0.778278 51000
0.779122 50000
0.779965 49000
0.779965 50000
0.779965 51000
0.780808 50000
0.781651 49000
0.781651 50000
0.781651 51000
0.782494 50000
0.783338 49000
0.783338 50000
0.783338 51000
0.784181 50000
0.785024 49000
0.785024 50000
0.785024 51000
0.785867 50000
0.78671 49000
0.78671 50000
0.78671 51000
0.787554 50000
0.788397 49000
0.788397 50000
0.788397 51000
0.78924 50000
0.790083 49000
0.790083 50000
0.790083 51000
0.790926 50000
0.79177 49000
0.79177 50000
0.79177 51000
0.792613 50000
0.793456 49000
0.793456 50000
0.793456 51000
0.794299 50000
0.795142 49000
0.795142 50000
0.795142 51000
0.795986 50000
0.796829 49000
0.796829 50000
0.796829 51000
0.797672 50000
0.798515 49000
0.798515 50000
0.798515 51000
0.799358 50000
0.800202 49000
0.800202 50000
0.800202 51000
0.801045 50000
0.801888 49000
0.801888 50000
0.801888 51000
0.802731 50000
0.803574 49000
0.803574 50000
0.803574 51000
0.804418 50000
0.805261 49000
0.805261 50000
0.805261 51000
0.806104 50000
0.806947 49000
0.806947 50000
0.806947 51000
0.80779 50000
0.808634 49000
0.808634 50000
0.808634 51000
0.809477 50000
0.81032 49000
0.81032 50000
0.81032 51000
0.811163 50000
0.812006 49000
0.812006 50000
0.812006 51000
0.81285 50000
0.813693 49000
0.813693 50000
0.813693 51000
0.814536 50000
0.815379 49000
0.815379 50000
0.815379 51000
0.816222 50000
0.817066 49000
0.817066 50000
0.817066 51000
0.817909 50000
0.818752 49000
0.818752 50000
0.818752 51000
0.819595 50000
0.820438 49000
0.820438 50000
0.820438 51000
0.821282 50000
0.822125 49000
0.822125 50000
0.822125 51000
0.822968 50000
0.823811 49000
0.823811 50000
0.823811 51000
0.824654 50000
0.825498 49000
0.825498 50000
0.825498 51000
0.826341 50000
0.827184 49000
0.827184 50000
0.827184 51000
0.828027 50000
0.82887 49000
0.82887 50000
0.82887 51000
0.829714 50000
0.830557 49000
0.830557 50000
0.830557 51000
0.8314 50000
0.832243 49000
0.832243 50000
0.832243 51000
0.833086 50000
0.83393 49000
0.83393 50000
0.83393 51000
0.834773 50000
0.835616 49000
0.835616 50000
0.835616 51000
0.836459 50000
0.837302 49000
0.837302 50000
0.837302 51000
0.838146 50000
0.838989 49000
0.838989 50000
0.838989 51000
0.839832 50000
0.840675 49000
0.840675 50000
0.840675 51000
0.841518 50000
0.842362 49000
0.842362 50000
0.842362 51000
0.843205 50000
0.844048 49000
0.844048 50000
0.844048 51000
0.844891 50000
0.845734 49000
0.845734 50000
0.845734 51000
0.846578 50000
0.847421 49000
0.847421 50000
0.847421 51000
0.848264 50000
0.849107 49000
0.849107 50000
0.849107 51000
0.84995 50000
0.850794 49000
0.850794 50000
0.850794 51000
0.851637 50000
0.85248 49000
0.85248 50000
0.85248 51000
0.853323 50000
0.854166 49000
0.854166 50000
0.854166 51000
0.85501 50000
0.855853 49000
0.855853 50000
0.855853 51000
0.856696 50000
0.857539 49000
0.857539 50000
0.857539 51000
0.858382 50000
0.859226 49000
0.859226 50000
0.859226 51000
0.860069 50000
0.860912 49000
0.860912 50000
0.860912 51000
0.861755 50000
0.862598 49000
0.862598 50000
0.862598 51000
0.863442 50000
0.864285 49000
0.864285 50000
0.864285 51000
0.865128 50000
0.865971 49000
0.866814 48000
0.866814 49000
0.866814 50000
0.866814 51000
0.867658 50000
0.868501 49000
0.868501 50000
0.868501 51000
0.869344 50000
0.870187 49000
0.870187 50000
0.870187 51000
0.87103 50000
0.871874 49000
0.871874 50000
0.871874 51000
0.872717 50000
0.87356 49000
0.87356 50000
0.87356 51000
0.874403 50000
0.875246 49000
0.875246 50000
0.875246 51000
0.87609 50000
0.876933 49000
0.876933 50000
0.876933 51000
0.877776 50000
0.878619 49000
0.878619 50000
0.878619 51000
0.879462 50000
0.880306 49000
0.880306 50000
0.880306 51000
0.881149 50000
0.881992 49000
0.881992 50000
0.881992 51000
0.882835 50000
0.883678 49000
0.883678 50000
0.883678 51000
0.884522 50000
0.885365 49000
0.885365 50000
0.885365 51000
0.886208 50000
0.887051 49000
0.887051 50000
0.887051 51000
0.887894 50000
0.888738 49000
0.888738 50000
0.888738 51000
0.889581 50000
0.890424 49000
0.890424 50000
0.890424 51000
0.891267 50000
0.89211 49000
0.89211 50000
0.89211 51000
0.892954 50000
0.893797 49000
0.893797 50000
0.893797 51000
0.89464 50000
0.895483 49000
0.895483 50000
0.895483 51000
0.896326 50000
0.89717 49000
0.89717 50000
0.89717 51000
0.898013 50000
0.898856 49000
0.898856 50000
0.898856 51000
0.899699 50000
0.900542 49000
0.900542 50000
0.900542 51000
0.901386 50000
0.902229 49000
0.902229 50000
0.902229 51000
0.903072 50000
0.903915 49000
0.903915 50000
0.903915 51000
0.904758 50000
0.905602 49000
0.905602 50000
0.905602 51000
0.906445 50000
0.907288 49000
0.907288 50000
0.907288 51000
0.908131 50000
0.908974 49000
0.908974 50000
0.908974 51000
0.909818 50000
0.910661 49000
0.910661 50000
0.910661 51000
0.911504 50000
0.912347 49000
0.912347 50000
0.912347 51000
0.91319 50000
0.914034 49000
0.914034 50000
0.914034 51000
0.914877 50000
0.91572 49000
0.91572 50000
0.91572 51000
0.916563 50000
0.917406 49000
0.917406 50000
0.917406 51000
0.91825 50000
0.919093 49000
0.919093 50000
0.919093 51000
0.919936 50000
0.920779 49000
0.920779 50000
0.920779 51000
0.921622 50000
0.922466 49000
0.922466 50000
0.922466 51000
0.923309 50000
0.924152 49000
0.924152 50000
0.924152 51000
0.924995 50000
0.925838 49000
0.925838 50000
0.925838 51000
0.926682 50000
0.927525 49000
0.927525 50000
0.927525 51000
0.928368 50000
0.929211 49000
0.929211 50000
0.929211 51000
0.930054 50000
0.930898 49000
0.930898 50000
0.930898 51000
0.931741 50000
0.932584 49000
0.932584 50000
0.932584 51000
0.933427 50000
0.93427 49000
0.93427 50000
0.93427 51000
0.935114 50000
0.935957 49000
0.935957 50000
0.935957 51000
0.9368 50000
0.937643 49000
0.937643 50000
0.937643 51000
0.938486 50000
0.93933 49000
0.93933 50000
0.93933 51000
0.940173 50000
0.941016 49000
0.941016 50000
0.941016 51000
0.941859 50000
0.942702 49000
0.942702 50000
0.942702 51000
0.943546 50000
0.944389 49000
0.944389 50000
0.944389 51000
0.945232 50000
0.946075 49000
0.946075 50000
0.946075 51000
0.946918 50000
0.947762 49000
0.947762 50000
0.947762 51000
0.948605 50000
0.949448 49000
0.949448 50000
0.949448 51000
0.950291 50000
0.951134 49000
0.951134 50000
0.951134 51000
0.951978 50000
0.952821 49000
0.952821 50000
0.952821 51000
0.953664 50000
0.954507 49000
0.954507 50000
0.954507 51000
0.95535 50000
0.956194 49000
0.956194 50000
0.956194 51000
0.957037 50000
0.95788 49000
0.95788 50000
0.95788 51000
0.958723 50000
0.959566 49000
0.959566 50000
0.959566 51000
0.96041 50000
0.961253 49000
0.961253 50000
0.961253 51000
0.962096 50000
0.962939 49000
0.962939 50000
0.962939 51000
0.963782 50000
0.964626 49000
0.964626 50000
0.964626 51000
0.965469 50000
0.966312 49000
0.966312 50000
0.966312 51000
0.967155 50000
0.967998 49000
0.967998 50000
0.967998 51000
0.968842 50000
0.969685 49000
0.969685 50000
0.969685 51000
0.970528 50000
0.971371 49000
0.971371 50000
0.971371 51000
0.972214 50000
0.973058 49000
0.973058 50000
0.973058 51000
0.973901 50000
0.974744 49000
0.974744 50000
0.974744 51000
0.975587 50000
0.97643 49000
0.97643 50000
0.97643 51000
0.977274 50000
0.978117 49000
0.978117 50000
0.978117 51000
0.97896 50000
0.979803 49000
0.979803 50000
0.979803 51000
0.980646 50000
0.98149 49000
0.98149 50000
0.98149 51000
0.982333 50000
0.983176 49000
0.983176 50000
0.983176 51000
0.984019 50000
0.984862 49000
0.984862 50000
0.984862 51000
0.985706 50000
0.986549 49000
0.986549 50000
0.986549 51000
0.987392 50000
0.988235 49000
0.988235 50000
0.988235 51000
0.989078 50000
0.989922 49000
0.989922 50000
0.989922 51000
0.990765 50000
0.991608 49000
0.991608 50000
0.991608 51000
0.992451 50000
0.993294 49000
0.993294 50000
0.993294 51000
0.994138 50000
0.994981 49000
0.994981 50000
0.994981 51000
0.995824 50000
0.996667 49000
0.996667 50000
0.996667 51000
0.99751 50000
0.998354 49000
0.998354 50000
0.998354 51000
0.999197 50000
1.00004 49000
1.00004 50000
1.00004 51000
1.00088 50000
1.00173 49000
1.00173 50000
1.00173 51000
1.00257 50000
1.00341 49000
1.00341 50000
1.00341 51000
1.00426 50000
1.0051 49000
1.0051 50000
1.0051 51000
1.00594 50000
1.00679 49000
1.00763 48000
1.00763 49000
1.00763 50000
1.00763 51000
1.00847 50000
1.00932 49000
1.00932 50000
1.00932 51000
1.0102 50000
1.01104 49000
1.01104 50000
1.01104 51000
1.01189 50000
1.01273 49000
1.01273 50000
1.01273 51000
1.01357 50000
1.01442 49000
1.01442 50000
1.01442 51000
1.01526 50000
1.0161 49000
1.0161 50000
1.0161 51000
1.01695 50000
1.01779 49000
1.01779 50000
1.01779 51000
1.01863 50000
1.01948 49000
1.01948 50000
1.01948 51000
1.02032 50000
1.02201 49000
1.02201 50000
1.02201 51000
1.02369 50000
1.02538 49000
1.02538 50000
1.02538 51000
1.02707 50000
1.02875 49000
1.02875 50000
1.02875 51000
1.03044 50000
1.03212 49000
1.03212 50000
1.03212 51000
1.03381 50000
1.0355 49000
1.0355 50000
1.0355 51000
1.03718 50000
1.03887 49000
1.03887 50000
1.03887 51000
1.04056 50000
1.04224 49000
1.04224 50000
1.04224 51000
1.04393 50000
1.04562 49000
1.04562 50000
1.04562 51000
1.0473 50000
1.04899 49000
1.04899 50000
1.04899 51000
1.05068 50000
1.05236 49000
1.05236 50000
1.05236 51000
1.05405 50000
1.05573 49000
1.05573 50000
1.05573 51000
1.05742 50000
1.05911 49000
1.05911 50000
1.05911 51000
1.06079 50000
1.06248 49000
1.06248 50000
1.06248 51000
1.06417 50000
1.06585 49000
1.06585 50000
1.06585 51000
1.06754 50000
1.06923 49000
1.06923 50000
1.06923 51000
1.07091 50000
1.0726 49000
1.0726 50000
1.0726 51000
1.07428 50000
1.07597 49000
1.07597 50000
1.07597 51000
1.07766 50000
1.07934 49000
1.07934 50000
1.07934 51000
1.08103 50000
1.08272 49000
1.08272 50000
1.08272 51000
1.0844 50000
1.08609 49000
1.08609 50000
1.08609 51000
1.08778 50000
1.08946 49000
1.08946 50000
1.08946 51000
1.09115 50000
1.09284 49000
1.09284 50000
1.09284 51000
1.09452 50000
1.09621 49000
1.09621 50000
1.09621 51000
1.09789 50000
1.09958 49000
1.09958 50000
1.09958 51000
1.10127 50000
1.10295 49000
1.10295 50000
1.10295 51000
1.10464 50000
1.10633 49000
1.10633 50000
1.10633 51000
1.10801 50000
1.1097 49000
1.1097 50000
1.1097 51000
1.11139 50000
1.11307 49000
1.11307 50000
1.11307 51000
1.11476 50000
1.11644 49000
1.11644 50000
1.11644 51000
1.11813 50000
1.11982 49000
1.11982 50000
1.11982 51000
1.1215 50000
1.12319 49000
1.12319 50000
1.12319 51000
1.12488 50000
1.12656 49000
1.12656 50000
1.12656 51000
1.12825 50000
1.12994 49000
1.12994 50000
1.12994 51000
1.13162 50000
1.13331 49000
1.13331 50000
1.13331 51000
1.135 50000
1.13668 49000
1.13668 50000
1.13668 51000
1.13837 50000
1.14005 49000
1.14005 50000
1.14005 51000
1.14174 50000
1.14343 49000
1.14343 50000
1.14343 51000
1.14511 50000
1.1468 49000
1.1468 50000
1.1468 51000
1.14849 50000
1.15017 49000
1.15017 50000
1.15017 51000
1.15186 50000
1.15355 49000
1.15355 50000
1.15355 51000
1.15523 50000
1.15692 49000
1.15692 50000
1.15692 51000
1.1586 50000
1.16029 49000
1.16029 50000
1.16029 51000
1.16198 50000
1.16366 49000
1.16366 50000
1.16366 51000
1.16535 50000
1.16704 49000
1.16704 50000
1.16704 51000
1.16872 50000
1.17041 49000
1.17041 50000
1.17041 51000
1.1721 50000
1.17378 49000
1.17378 50000
1.17378 51000
1.17547 50000
1.17716 49000
1.17716 50000
1.17716 51000
1.17884 50000
1.18053 49000
1.18053 50000
1.18053 51000
1.18221 50000
1.1839 49000
1.1839 50000
1.1839 51000
1.18559 50000
1.18727 49000
1.18727 50000
1.18727 51000
1.18896 50000
1.19065 49000
1.19065 50000
1.19065 51000
1.19233 50000
1.19402 49000
1.19402 50000
1.19402 51000
1.19571 50000
1.19739 49000
1.19739 50000
1.19739 51000
1.19908 50000
1.20076 49000
1.20076 50000
1.20076 51000
1.20245 50000
1.20414 49000
1.20414 50000
1.20414 51000
1.20582 50000
1.20751 49000
1.20751 50000
1.20751 51000
1.2092 50000
1.21088 49000
1.21088 50000
1.21088 51000
1.21257 50000
1.21426 49000
1.21426 50000
1.21426 51000
1.21594 50000
1.21763 49000
1.21763 50000
1.21763 51000
1.21932 50000
1.221 49000
1.221 50000
1.221 51000
1.22269 50000
1.22437 49000
1.22437 50000
1.22437 51000
1.22606 50000
1.22775 49000
1.22775 50000
1.22775 51000
1.22943 50000
1.23112 49000
1.23112 50000
1.23112 51000
1.23281 50000
1.23449 49000
1.23449 50000
1.23449 51000
1.23618 50000
1.23787 49000
1.23787 50000
1.23787 51000
1.23955 50000
1.24124 49000
1.24124 50000
1.24124 51000
1.24292 50000
1.24461 49000
1.24461 50000
1.24461 51000
1.2463 50000
1.24798 49000
1.24798 50000
1.24798 51000
1.24967 50000
1.25136 49000
1.25136 50000
1.25136 51000
1.25304 50000
1.25473 49000
1.25473 50000
1.25473 51000
1.25642 50000
1.2581 49000
1.2581 50000
1.2581 51000
1.25979 50000
1.26148 49000
1.26148 50000
1.26148 51000
1.26316 50000
1.26485 49000
1.26485 50000
1.26485 51000
1.26653 50000
1.26822 49000
1.26822 50000
1.26822 51000
1.26991 50000
1.27159 49000
1.27159 50000
1.27159 51000
1.27328 50000
1.27497 49000
1.27497 50000
1.27497 51000
1.27665 50000
1.27834 49000
1.27834 50000
1.27834 51000
1.28003 50000
1.28171 49000
1.28171 50000
1.28171 51000
1.2834 50000
1.28508 49000
1.28508 50000
1.28508 51000
1.28677 50000
1.28846 49000
1.28846 50000
1.28846 51000
1.29014 50000
1.29183 49000
1.29183 50000
1.29183 51000
1.29352 50000
1.2952 49000
1.2952 50000
1.2952 51000
1.29689 50000
1.29858 49000
1.29858 50000
1.29858 51000
1.30026 50000
1.30195 49000
1.30195 50000
1.30195 51000
1.30364 50000
1.30532 49000
1.30532 50000
1.30532 51000
1.30701 50000
1.30869 49000
1.30869 50000
1.30869 51000
1.31038 50000
1.31207 49000
1.31207 50000
1.31207 51000
1.31375 50000
1.31544 49000
1.31544 50000
1.31544 51000
1.31713 50000
1.31881 49000
1.31881 50000
1.31881 51000
1.3205 50000
1.32219 49000
1.32219 50000
1.32219 51000
1.32387 50000
1.32556 49000
1.32556 50000
1.32556 51000
1.32724 50000
1.32893 49000
1.32893 50000
1.32893 51000
1.33062 50000
1.3323 49000
1.3323 50000
1.3323 51000
1.33399 50000
1.33568 49000
1.33568 50000
1.33568 51000
1.33736 50000
1.33905 49000
1.33905 50000
1.33905 51000
1.34074 50000
1.34242 49000
1.34242 50000
1.34242 51000
1.34411 50000
1.3458 49000
1.3458 50000
1.3458 51000
1.34748 50000
1.34917 49000
1.34917 50000
1.34917 51000
1.35085 50000
1.35254 49000
1.35254 50000
1.35254 51000
1.35423 50000
1.35591 49000
1.35591 50000
1.35591 51000
1.3576 50000
1.35929 49000
1.35929 50000
1.35929 51000
1.36097 50000
1.36266 49000
1.36266 50000
1.36266 51000
1.36435 50000
1.36603 49000
1.36603 50000
1.36603 51000
1.36772 50000
1.3694 49000
1.3694 50000
1.3694 51000
1.37109 50000
1.37278 49000
1.37278 50000
1.37278 51000
1.37446 50000
1.37615 49000
1.37615 50000
1.37615 51000
1.37784 50000
1.37952 49000
1.37952 50000
1.37952 51000
1.38121 50000
1.3829 49000
1.3829 50000
1.3829 51000
1.38458 50000
1.38627 49000
1.38627 50000
1.38627 51000
1.38796 50000
1.38964 49000
1.38964 50000
1.38964 51000
1.39133 50000
1.39301 49000
1.39301 50000
1.39301 51000
1.3947 50000
1.39639 49000
1.39639 50000
1.39639 51000
1.39807 50000
1.39976 49000
1.39976 50000
1.39976 51000
1.40145 50000
1.40313 49000
1.40313 50000
1.40313 51000
1.40482 50000
1.40651 49000
1.40651 50000
1.40651 51000
1.40819 50000
1.40988 49000
1.40988 50000
1.40988 51000
1.41156 50000
1.41325 49000
1.41325 50000
1.41325 51000
1.41494 50000
1.41662 49000
1.41662 50000
1.41662 51000
1.41831 50000
1.42 49000
1.42 50000
1.42 51000
1.42168 50000
1.42337 49000
1.42337 50000
1.42337 51000
1.42506 50000
1.42674 49000
1.42674 50000
1.42674 51000
1.42843 50000
1.43012 49000
1.43012 50000
1.43012 51000
1.4318 50000
1.43349 49000
1.43349 50000
1.43349 51000
1.43517 50000
1.43686 49000
1.43686 50000
1.43686 51000
1.43855 50000
1.44023 49000
1.44023 50000
1.44023 51000
1.44192 50000
1.44361 49000
1.44361 50000
1.44361 51000
1.44529 50000
1.44698 49000
1.44698 50000
1.44698 51000
1.44867 50000
1.45035 49000
1.45035 50000
1.45035 51000
1.45204 50000
1.45372 49000
1.45372 50000
1.45372 51000
1.45541 50000
1.4571 49000
1.4571 50000
1.4571 51000
1.45878 50000
1.46047 49000
1.46047 50000
1.46047 51000
1.46216 50000
1.46384 49000
1.46384 50000
1.46384 51000
1.46553 50000
1.46722 49000
1.46722 50000
1.46722 51000
1.4689 50000
1.47059 49000
1.47059 50000
1.47059 51000
1.47228 50000
1.47396 49000
1.47396 50000
1.47396 51000
1.47565 50000
1.47733 49000
1.47733 50000
1.47733 51000
1.47902 50000
1.48071 49000
1.48071 50000
1.48071 51000
1.48239 50000
1.48408 49000
1.48408 50000
1.48408 51000
1.48577 50000
1.48745 49000
1.48745 50000
1.48745 51000
1.48914 50000
1.49083 49000
1.49083 50000
1.49083 51000
1.49251 50000
1.4942 49000
1.4942 50000
1.4942 51000
1.49588 50000
1.49757 49000
1.49757 50000
1.49757 51000
1.49926 50000
1.50094 49000
1.50094 50000
1.50094 51000
1.50263 50000
1.50432 49000
1.50432 50000
1.50432 51000
1.506 50000
1.50769 49000
1.50769 50000
1.50769 51000
1.50938 50000
1.51106 49000
1.51106 50000
1.51106 51000
1.51275 50000
1.51444 49000
1.51444 50000
1.51444 51000
1.51612 50000
1.51781 49000
1.51781 50000
1.51781 51000
1.51949 50000
1.52118 49000
1.52118 50000
1.52118 51000
1.52287 50000
1.52455 49000
1.52455 50000
1.52455 51000
1.52624 50000
1.52793 49000
1.52793 50000
1.52793 51000
1.52961 50000
1.5313 49000
1.5313 50000
1.5313 51000
1.53299 50000
1.53467 49000
1.53467 50000
1.53467 51000
1.53636 50000
1.53804 49000
1.53804 50000
1.53804 51000
1.53973 50000
1.54142 49000
1.54142 50000
1.54142 51000
1.5431 50000
1.54479 49000
1.54479 50000
1.54479 51000
1.54648 50000
1.54816 49000
1.54816 50000
1.54816 51000
1.54985 50000
1.55154 49000
1.55154 50000
1.55322 49000
1.55491 48000
1.55491 49000
1.55491 50000
1.5566 49000
1.55828 48000
1.55828 49000
1.55828 50000
1.55997 49000
1.56165 48000
1.56165 49000
1.56165 50000
1.56334 49000
1.56503 48000
1.56503 49000
1.56503 50000
1.56671 49000
1.5684 48000
1.5684 49000
1.5684 50000
1.57009 49000
1.57177 48000
1.57177 49000
1.57177 50000
1.57346 49000
1.57515 48000
1.57515 49000
1.57515 50000
1.57683 49000
1.57852 48000
1.57852 49000
1.57852 50000
1.5802 49000
1.58189 48000
1.58189 49000
1.58189 50000
1.58358 49000
1.58526 48000
1.58526 49000
1.58526 50000
1.58695 49000
1.58864 48000
1.58864 49000
1.58864 50000
1.59032 49000
1.59201 48000
1.59201 49000
1.59201 50000
1.5937 49000
1.59538 48000
1.59538 49000
1.59538 50000
1.59707 49000
1.59876 48000
1.59876 49000
1.59876 50000
1.60044 49000
1.60213 48000
1.60213 49000
1.60213 50000
1.60381 49000
1.6055 48000
1.6055 49000
1.6055 50000
1.60719 49000
1.60887 48000
1.60887 49000
1.60887 50000
1.61056 49000
1.61225 48000
1.61225 49000
1.61225 50000
1.61393 49000
1.61562 48000
1.61562 49000
1.61562 50000
1.61731 49000
1.61899 48000
1.61899 49000
1.61899 50000
1.62068 49000
1.62236 48000
1.62236 49000
1.62236 50000
1.62405 49000
1.62574 48000
1.62574 49000
1.62574 50000
1.62742 49000
1.62911 48000
1.62911 49000
1.62911 50000
1.6308 49000
1.63248 48000
1.63248 49000
1.63248 50000
1.63417 49000
1.63586 48000
1.63586 49000
1.63586 50000
1.63754 49000
1.63923 48000
1.63923 49000
1.63923 50000
1.64092 49000
1.6426 48000
1.6426 49000
1.6426 50000
1.64429 49000
1.64597 48000
1.64597 49000
1.64597 50000
1.64766 49000
1.64935 48000
1.64935 49000
1.64935 50000
1.65103 49000
1.65272 48000
1.65272 49000
1.65272 50000
1.65441 49000
1.65609 48000
1.65609 49000
1.65609 50000
1.65778 49000
1.65947 48000
1.65947 49000
1.65947 50000
1.66115 49000
1.66284 48000
1.66284 49000
1.66284 50000
1.66452 49000
1.66621 48000
1.66621 49000
1.66621 50000
1.6679 49000
1.66958 48000
1.66958 49000
1.66958 50000
1.67127 49000
1.67296 48000
1.67296 49000
1.67296 50000
1.67464 49000
1.67633 48000
1.67633 49000
1.67633 50000
1.67802 49000
1.6797 48000
1.6797 49000
1.6797 50000
1.68139 49000
1.68308 48000
1.68308 49000
1.68308 50000
1.68476 49000
1.68645 48000
1.68645 49000
1.68645 50000
1.68813 49000
1.68982 48000
1.68982 49000
1.68982 50000
1.69151 49000
1.69319 48000
1.69319 49000
1.69319 50000
1.69488 49000
1.69657 48000
1.69657 49000
1.69657 50000
1.69825 49000
1.69994 48000
1.69994 49000
1.69994 50000
1.70163 49000
1.70331 48000
1.70331 49000
1.70331 50000
1.705 49000
1.70668 48000
1.70668 49000
1.70668 50000
1.70837 49000
1.71006 48000
1.71006 49000
1.71006 50000
1.71174 49000
1.71343 48000
1.71343 49000
1.71343 50000
1.71512 49000
1.7168 48000
1.7168 49000
1.7168 50000
1.71849 49000
1.72018 48000
1.72018 49000
1.72018 50000
1.72186 49000
1.72355 48000
1.72355 49000
1.72355 50000
1.72524 49000
1.72692 48000
1.72692 49000
1.72692 50000
1.72861 49000
1.73029 48000
1.73029 49000
1.73029 50000
1.73198 49000
1.73367 48000
1.73367 49000
1.73367 50000
1.73535 49000
1.73704 48000
1.73704 49000
1.73704 50000
1.73873 49000
1.74041 48000
1.74041 49000
1.74041 50000
1.7421 49000
1.74379 48000
1.74379 49000
1.74379 50000
1.74547 49000
1.74716 48000
1.74716 49000
1.74716 50000
1.74884 49000
1.75053 48000
1.75053 49000
1.75053 50000
1.75222 49000
1.7539 48000
1.7539 49000
1.7539 50000
1.75559 49000
1.75728 48000
1.75728 49000
1.75728 50000
1.75896 49000
1.76065 48000
1.76065 49000
1.76065 50000
1.76234 49000
1.76402 48000
1.76402 49000
1.76402 50000
1.76571 49000
1.7674 48000
1.7674 49000
1.7674 50000
1.76908 49000
1.77077 48000
1.77077 49000
1.77077 50000
1.77245 49000
1.77414 48000
1.77414 49000
1.77414 50000
1.77583 49000
1.77751 48000
1.77751 49000
1.77751 50000
1.7792 49000
1.78089 48000
1.78089 49000
1.78089 50000
1.78257 49000
1.78426 48000
1.78426 49000
1.78426 50000
1.78595 49000
1.78763 48000
1.78763 49000
1.78763 50000
1.78932 49000
1.791 48000
1.791 49000
1.79269 48000
1.79269 49000
1.79269 50000
1.79438 49000
1.79606 48000
1.79606 49000
1.79606 50000
1.79775 49000
1.79944 48000
1.79944 49000
1.79944 50000
1.80112 49000
1.80281 48000
1.80281 49000
1.80281 50000
1.8045 49000
1.80618 48000
1.80618 49000
1.80618 50000
1.80787 49000
1.80956 48000
1.80956 49000
1.80956 50000
1.81124 49000
1.81293 48000
1.81293 49000
1.81293 50000
1.81461 49000
1.8163 48000
1.8163 49000
1.8163 50000
1.81799 49000
1.81967 48000
1.81967 49000
1.81967 50000
1.82136 49000
1.82305 48000
1.82305 49000
1.82305 50000
1.82473 49000
1.82642 48000
1.82642 49000
1.82642 50000
1.82811 49000
1.82979 48000
1.82979 49000
1.82979 50000
1.83148 49000
1.83316 48000
1.83316 49000
1.83316 50000
1.83485 49000
1.83654 48000
1.83654 49000
1.83654 50000
1.83822 49000
1.83991 48000
1.83991 49000
1.83991 50000
1.8416 49000
1.84328 48000
1.84328 49000
1.84328 50000
1.84497 49000
1.84666 48000
1.84666 49000
1.84666 50000
1.84834 49000
1.85003 48000
1.85003 49000
1.85003 50000
1.85172 49000
1.8534 48000
1.8534 49000
1.8534 50000
1.85509 49000
1.85677 48000
1.85677 49000
1.85677 50000
1.85846 49000
1.86015 48000
1.86015 49000
1.86015 50000
1.86183 49000
1.86352 48000
1.86352 49000
1.86352 50000
1.86521 49000
1.86689 48000
1.86689 49000
1.86689 50000
1.86858 49000
1.87027 48000
1.87027 49000
1.87027 50000
1.87195 49000
1.87364 48000
1.87532 47000
1.87701 46000
1.8787 45000
1.88038 44000
1.88207 43000
1.88376 42000
1.88544 41000
1.88713 40000
1.88882 39000
1.8905 38000
1.89219 37000
1.89388 36000
1.89556 35000
1.89725 34000
1.89893 33000
1.90062 32000
1.90231 31000
1.90399 30000
1.90399 31000
1.90399 32000
1.90568 31000
1.90737 30000
1.90737 31000
1.90737 32000
1.90905 31000
1.91074 30000
1.91074 31000
1.91074 32000
1.91243 31000
1.91411 30000
1.91411 31000
1.91411 32000
1.9158 31000
1.91748 30000
1.91748 31000
1.91748 32000
1.91917 31000
1.92086 30000
1.92086 31000
1.92086 32000
1.92254 31000
1.92423 30000
1.92423 31000
1.92423 32000
1.92592 31000
1.9276 30000
1.9276 31000
1.9276 32000
1.92929 31000
1.93098 30000
1.93098 31000
1.93098 32000
1.93266 31000
1.93435 30000
1.93435 31000
1.93435 32000
1.93604 31000
1.93772 30000
1.93772 31000
1.93772 32000
1.93941 31000
1.94109 30000
1.94109 31000
1.94109 32000
1.94278 31000
1.94447 30000
1.94447 31000
1.94447 32000
1.94615 31000
1.94784 30000
1.94784 31000
1.94784 32000
1.94953 31000
1.95121 30000
1.95121 31000
1.95121 32000
1.9529 31000
1.95459 30000
1.95627 29000
1.95796 28000
1.95964 27000
1.96133 26000
1.96302 25000
1.9647 24000
1.9647 25000
1.9647 26000
1.96639 25000
1.96808 24000
1.96808 25000
1.96808 26000
1.96976 25000
1.97145 24000
1.97145 25000
1.97145 26000
1.97314 25000
1.97482 24000
1.97482 25000
1.97482 26000
1.97651 25000
1.9782 24000
1.9782 25000
1.9782 26000
1.97988 25000
1.98157 24000
1.98157 25000
1.98157 26000
1.98325 25000
1.98494 24000
1.98494 25000
1.98494 26000
1.98663 25000
1.98831 24000
1.98831 25000
1.98831 26000
1.99 25000
1.99169 24000
1.99169 25000
1.99169 26000
1.99337 25000
1.99506 24000
1.99506 25000
1.99506 26000
1.99675 25000
1.99843 24000
1.99843 25000
1.99843 26000
2.00012 25000
2.0018 24000
2.0018 25000
2.0018 26000
2.00349 25000
2.00518 24000
2.00518 25000
2.00518 26000
2.00686 25000
2.00855 24000
2.00855 25000
2.00855 26000
2.01101 25000
2.0127 24000
2.0127 25000
2.0127 26000
2.01439 25000
2.01607 24000
2.01607 25000
2.01607 26000
2.01776 25000
2.01945 24000
2.01945 25000
2.01945 26000
2.02113 25000
2.038 24000
2.038 25000
2.038 26000
2.05486 25000
2.07172 24000
2.07172 25000
2.07172 26000
2.08859 25000
2.10545 24000
2.10545 25000
2.10545 26000
2.12232 25000
2.13918 24000
2.13918 25000
2.13918 26000
2.15604 25000
2.17291 24000
2.17291 25000
2.17291 26000
2.18977 25000
2.20664 24000
2.20664 25000
2.20664 26000
2.2235 25000
2.24036 24000
2.24036 25000
2.24036 26000
2.25723 25000
2.27409 24000
2.27409 25000
2.27409 26000
2.29096 25000
2.30782 24000
2.30782 25000
2.30782 26000
2.32468 25000
2.34155 24000
2.34155 25000
2.34155 26000
2.35841 25000
2.37528 24000
2.37528 25000
2.37528 26000
2.39214 25000
2.409 24000
2.409 25000
2.409 26000
2.42587 25000
2.44273 24000
2.44273 25000
2.44273 26000
2.4596 25000
2.47646 24000
2.47646 25000
2.47646 26000
2.49332 25000
2.51019 24000
2.51019 25000
2.51019 26000
2.52705 25000
2.54392 24000
2.54392 25000
2.54392 26000
2.56078 25000
2.57764 24000
2.57764 25000
2.57764 26000
2.59451 25000
2.61137 24000
2.61137 25000
2.61137 26000
2.62824 25000
2.6451 24000
2.6451 25000
2.6451 26000
2.66196 25000
2.67883 24000
2.67883 25000
2.67883 26000
2.69569 25000
2.71256 24000
2.71256 25000
2.71256 26000
2.72942 25000
2.74628 24000
2.74628 25000
2.74628 26000
2.76315 25000
2.78001 24000
2.78001 25000
2.78001 26000
2.79688 25000
2.81374 24000
2.81374 25000
2.81374 26000
2.8306 25000
2.84747 24000
2.84747 25000
2.84747 26000
2.86433 25000
2.8812 24000
2.8812 25000
2.8812 26000
2.89806 25000
2.91492 24000
2.91492 25000
2.91492 26000
2.93179 25000
2.94865 24000
2.94865 25000
2.94865 26000
2.96552 25000
2.98238 24000
2.98238 25000
2.98238 26000
2.99924 25000
3.01529 24000
3.01529 25000
3.01529 26000
3.03215 25000
3.033 24000
3.033 25000
3.033 26000
3.03384 25000
3.03468 24000
3.03468 25000
3.03468 26000
3.03552 25000
3.03637 24000
3.03637 25000
3.03637 26000
3.03721 25000
3.03805 24000
3.03805 25000
3.03805 26000
3.0389 25000
3.03974 24000
3.03974 25000
3.03974 26000
3.04058 25000
3.04143 24000
3.04143 25000
3.04143 26000
3.04227 25000
3.04311 24000
3.04311 25000
3.04311 26000
3.04396 25000
3.0448 24000
3.0448 25000
3.0448 26000
3.04564 25000
3.04649 24000
3.04649 25000
3.04649 26000
3.04733 25000
3.04817 24000
3.04817 25000
3.04817 26000
3.04902 25000
3.04986 24000
3.04986 25000
3.04986 26000
3.0507 25000
3.05155 24000
3.05155 25000
3.05155 26000
3.05239 25000
3.05239 26000
3.05239 27000
3.05323 26000
3.05323 27000
3.05323 28000
3.05323 29000
3.05524 28000
3.05524 29000
3.05524 30000
3.05696 29000
3.05696 30000
3.05696 31000
3.05696 32000
3.05868 31000
3.05868 32000
3.05868 33000
3.0604 32000
3.0604 33000
3.0604 34000
3.0604 35000
3.0617 34000
3.0617 35000
3.0617 36000
3.06301 35000
3.06301 36000
3.06301 37000
3.06301 38000
3.06431 37000
3.06431 38000
3.06431 39000
3.06562 38000
3.06562 39000
3.06562 40000
3.06562 41000
3.06692 40000
3.06692 41000
3.06692 42000
3.06823 41000
3.06823 42000
3.06823 43000
3.06823 44000
3.06954 43000
3.06954 44000
3.06954 45000
3.07084 44000
3.07084 45000
3.07084 46000
3.07084 47000
3.07215 46000
3.07215 47000
3.07215 48000
3.07345 47000
3.07345 48000
3.07345 49000
3.07345 50000
3.07458 49000
3.07542 48000
3.07542 49000
3.07542 50000
3.07627 49000
3.07711 48000
3.07711 49000
3.07711 50000
3.07795 49000
3.0788 48000
3.0788 49000
3.0788 50000
3.07964 49000
3.08048 48000
3.08048 49000
3.08048 50000
3.08133 49000
3.08217 48000
3.08217 49000
3.08217 50000
3.08301 49000
3.08385 48000
3.08385 49000
3.08385 50000
3.0847 49000
3.08554 48000
3.08554 49000
3.08554 50000
3.0864 49000
3.08749 48000
3.08749 49000
3.08749 50000
3.08859 49000
3.08968 48000
3.08968 49000
3.08968 50000
3.09078 49000
3.09187 48000
3.09187 49000
3.09187 50000
3.09296 49000
3.09406 48000
3.09406 49000
3.09406 50000
3.09515 49000
3.09625 48000
3.09625 49000
3.09625 50000
3.09734 49000
3.09844 48000
3.09844 49000
3.09844 50000
3.09953 49000
3.10039 48000
3.10039 49000
3.10039 50000
3.10126 49000
3.10212 48000
3.10212 49000
3.10212 50000
3.10299 49000
3.10385 48000
3.10385 49000
3.10385 50000
3.10471 49000
3.10558 48000
3.10558 49000
3.10558 50000
3.10644 49000
3.10731 48000
3.10731 49000
3.10731 50000
3.10817 49000
3.10903 48000
3.10903 49000
3.10903 50000
3.1099 49000
3.11076 48000
3.11076 49000
3.11076 50000
3.11163 49000
3.11249 48000
3.11249 49000
3.11249 50000
3.11335 49000
3.11422 48000
3.11422 49000
3.11422 50000
3.11508 49000
3.11595 48000
3.11595 49000
3.11595 50000
3.11681 49000
3.11767 48000
3.11767 49000
3.11767 50000
3.11854 49000
3.1194 48000
3.1194 49000
3.1194 50000
3.12026 49000
3.12113 48000
3.12113 49000
3.12113 50000
3.12199 49000
3.12286 48000
3.12286 49000
3.12286 50000
3.12372 49000
3.12458 48000
3.12458 49000
3.12458 50000
3.12545 49000
3.12631 48000
3.12631 49000
3.12631 50000
3.12718 49000
3.12804 48000
3.12804 49000
3.12804 50000
3.1289 49000
3.12977 48000
3.12977 49000
3.12977 50000
3.13063 49000
3.1315 48000
3.1315 49000
3.1315 50000
3.13236 49000
3.13322 48000
3.13322 49000
3.13322 50000
3.13409 49000
3.13495 48000
3.13495 49000
3.13495 50000
3.13582 49000
3.13668 48000
3.13668 49000
3.13668 50000
3.13754 49000
3.13841 48000
3.13841 49000
3.13841 50000
3.13927 49000
3.14014 48000
3.14014 49000
3.14014 50000
3.141 49000
3.14186 48000
3.14186 49000
3.14186 50000
3.14273 49000
3.14359 48000
3.14359 49000
3.14359 50000
3.14446 49000
3.14532 48000
3.14532 49000
3.14532 50000
3.14618 49000
3.14705 48000
3.14705 49000
3.14705 50000
3.14791 49000
3.14878 48000
3.14878 49000
3.14878 50000
3.14964 49000
3.1505 48000
3.1505 49000
3.1505 50000
3.15137 49000
3.15223 48000
3.15223 49000
3.15223 50000
3.15309 49000
3.15396 48000
3.15396 49000
3.15396 50000
3.15482 49000
3.15569 48000
3.15569 49000
3.15569 50000
3.15655 49000
3.15741 48000
3.15741 49000
3.15741 50000
3.15828 49000
3.15914 48000
3.15914 49000
3.15914 50000
3.16001 49000
3.16087 48000
3.16087 49000
3.16087 50000
3.16173 49000
3.1626 48000
3.1626 49000
3.1626 50000
3.16346 49000
3.16433 48000
3.16433 49000
3.16433 50000
3.16519 49000
3.16605 48000
3.16605 49000
3.16605 50000
3.16692 49000
3.16778 48000
3.16778 49000
3.16778 50000
3.16865 49000
3.16951 48000
3.16951 49000
3.16951 50000
3.17037 49000
3.17124 48000
3.17124 49000
3.17124 50000
3.1721 49000
3.17297 48000
3.17297 49000
3.17297 50000
3.17383 49000
3.17469 48000
3.17469 49000
3.17469 50000
3.17556 49000
3.17642 48000
3.17642 49000
3.17642 50000
3.17729 49000
3.17815 48000
3.17815 49000
3.17815 50000
3.17901 49000
3.17988 48000
3.17988 49000
3.17988 50000
3.18074 49000
3.1816 48000
3.1816 49000
3.1816 50000
3.18247 49000
3.18333 48000
3.18333 49000
3.18333 50000
3.1842 49000
3.18506 48000
3.18506 49000
3.18506 50000
3.18592 49000
3.18679 48000
3.18679 49000
3.18679 50000
3.18765 49000
3.18852 48000
3.18852 49000
3.18852 50000
3.18938 49000
3.19024 48000
3.19024 49000
3.19024 50000
3.19111 49000
3.19197 48000
3.19197 49000
3.19197 50000
3.19284 49000
3.1937 48000
3.1937 49000
3.1937 50000
3.19456 49000
3.19543 48000
3.19543 49000
3.19543 50000
3.19629 49000
3.19716 48000
3.19716 49000
3.19716 50000
3.19802 49000
3.19888 48000
3.19888 49000
3.19888 50000
3.19975 49000
3.20061 48000
3.20061 49000
3.20061 50000
3.20148 49000
3.20234 48000
3.20234 49000
3.20234 50000
3.2032 49000
3.20407 48000
3.20407 49000
3.20407 50000
3.20493 49000
3.2058 48000
3.2058 49000
3.2058 50000
3.20666 49000
3.20752 48000
3.20752 49000
3.20752 50000
3.20839 49000
3.20925 48000
3.20925 49000
3.20925 50000
3.21011 49000
3.21098 48000
3.21098 49000
3.21098 50000
3.21184 49000
3.21271 48000
3.21271 49000
3.21271 50000
3.21357 49000
3.21443 48000
3.21443 49000
3.21443 50000
3.2153 49000
3.21616 48000
3.21616 49000
3.21616 50000
3.21703 49000
3.21789 48000
3.21789 49000
3.21789 50000
3.21875 49000
3.21962 48000
3.21962 49000
3.21962 50000
3.22048 49000
3.22133 48000
3.22133 49000
3.22133 50000
3.22217 49000
3.22301 48000
3.22301 49000
3.22301 50000
3.22386 49000
3.2247 48000
3.2247 49000
3.2247 50000
3.22554 49000
3.22638 48000
3.22638 49000
3.22638 50000
3.22723 49000
3.22807 48000
3.22807 49000
3.22807 50000
3.22891 49000
3.22976 48000
3.22976 49000
3.22976 50000
3.2306 49000
3.23144 48000
3.23144 49000
3.23144 50000
3.23229 49000
3.23313 48000
3.23313 49000
3.23313 50000
3.23397 49000
3.23482 48000
3.23482 49000
3.23482 50000
3.23566 49000
3.2365 48000
3.2365 49000
3.2365 50000
3.23735 49000
3.23819 48000
3.23819 49000
3.23819 50000
3.23903 49000
3.23988 48000
3.23988 49000
3.23988 50000
3.24072 49000
3.24156 48000
3.24156 49000
3.24156 50000
3.24241 49000
3.24325 48000
3.24325 49000
3.24325 50000
3.24409 49000
3.24494 48000
3.24494 49000
3.24494 50000
3.24578 49000
3.24662 48000
3.24662 49000
3.24662 50000
3.24746 49000
3.24831 48000
3.24831 49000
3.24831 50000
3.24915 49000
3.24999 48000
3.24999 49000
3.24999 50000
3.25084 49000
3.25168 48000
3.25168 49000
3.25168 50000
3.25252 49000
3.25337 48000
3.25337 49000
3.25337 50000
3.25421 49000
3.25505 48000
3.25505 49000
3.25505 50000
3.2559 49000
3.25674 48000
3.25674 49000
3.25674 50000
3.25758 49000
3.25843 48000
3.25843 49000
3.25843 50000
3.25927 49000
3.26011 48000
3.26011 49000
3.26011 50000
3.26096 49000
3.2618 48000
3.2618 49000
3.2618 50000
3.2618 51000
3.26264 50000
3.26349 49000
3.26349 50000
3.26349 51000
3.26433 50000
3.26517 49000
3.26517 50000
3.26517 51000
3.26602 50000
3.26686 49000
3.26686 50000
3.26686 51000
3.2677 50000
3.26854 49000
3.26854 50000
3.26854 51000
3.26939 50000
3.27023 49000
3.27023 50000
3.27023 51000
3.27107 50000
3.27192 49000
3.27192 50000
3.27192 51000
3.27276 50000
3.2736 49000
3.2736 50000
3.2736 51000
3.27445 50000
3.27529 49000
3.27529 50000
3.27529 51000
3.27613 50000
3.27698 49000
3.27698 50000
3.27698 51000
3.27782 50000
3.27866 49000
3.27866 50000
3.27866 51000
3.27951 50000
3.28035 49000
3.28035 50000
3.28035 51000
3.28119 50000
3.28204 49000
3.28204 50000
3.28204 51000
3.28288 50000
3.28372 49000
3.28372 50000
3.28372 51000
3.28457 50000
3.28541 49000
3.28541 50000
3.28541 51000
3.28625 50000
3.2871 49000
3.2871 50000
3.2871 51000
3.28794 50000
3.28878 49000
3.28878 50000
3.28878 51000
3.28962 50000
3.29047 49000
3.29047 50000
3.29047 51000
3.29131 50000
3.29215 49000
3.29215 50000
3.29215 51000
3.293 50000
3.29384 49000
3.29384 50000
3.29384 51000
3.29468 50000
3.29553 49000
3.29553 50000
3.29553 51000
3.29637 50000
3.29721 49000
3.29721 50000
3.29721 51000
3.29806 50000
3.2989 49000
3.2989 50000
3.2989 51000
3.29974 50000
3.30059 49000
3.30059 50000
3.30059 51000
3.30143 50000
3.30227 49000
3.30227 50000
3.30227 51000
3.30312 50000
3.30396 49000
3.30396 50000
3.30396 51000
3.3048 50000
3.30565 49000
3.30565 50000
3.30565 51000
3.30649 50000
3.30733 49000
3.30733 50000
3.30733 51000
3.30818 50000
3.30902 49000
3.30902 50000
3.30902 51000
3.30986 50000
3.31071 49000
3.31071 50000
3.31071 51000
3.31156 50000
3.31242 49000
3.31242 50000
3.31242 51000
3.31327 50000
3.31413 49000
3.31413 50000
3.31413 51000
3.31498 50000
3.31583 49000
3.31583 50000
3.31583 51000
3.31669 50000
3.31754 49000
3.31754 50000
3.31754 51000
3.31839 50000
3.31924 49000
3.31924 50000
3.31924 51000
3.3201 50000
3.32095 49000
3.32095 50000
3.32095 51000
3.3218 50000
3.32265 49000
3.32265 50000
3.32265 51000
3.3235 50000
3.32436 49000
3.32436 50000
3.32436 51000
3.32521 50000
3.32606 49000
3.32606 50000
3.32606 51000
3.32691 50000
3.32777 49000
3.32777 50000
3.32777 51000
3.32862 50000
3.32947 49000
3.32947 50000
3.32947 51000
3.33032 50000
3.33118 49000
3.33118 50000
3.33118 51000
3.33203 50000
3.33288 49000
3.33288 50000
3.33288 51000
3.33373 50000
3.33459 49000
3.33459 50000
3.33459 51000
3.33544 50000
3.33629 49000
3.33629 50000
3.33629 51000
3.33714 50000
3.338 49000
3.338 50000
3.338 51000
3.33885 50000
3.3397 49000
3.3397 50000
3.3397 51000
3.34055 50000
3.3414 49000
3.3414 50000
3.3414 51000
3.34226 50000
3.34311 49000
3.34311 50000
3.34311 51000
3.34396 50000
3.34481 49000
3.34481 50000
3.34481 51000
3.34567 50000
3.34652 49000
3.34652 50000
3.34652 51000
3.34737 50000
3.34822 49000
3.34822 50000
3.34822 51000
3.34908 50000
3.34993 49000
3.34993 50000
3.34993 51000
3.35078 50000
3.35163 49000
3.35163 50000
3.35163 51000
3.35249 50000
3.35334 49000
3.35334 50000
3.35334 51000
3.35419 50000
3.35504 49000
3.35504 50000
3.35504 51000
3.35589 50000
3.35675 49000
3.35675 50000
3.35675 51000
3.3576 50000
3.35845 49000
3.35845 50000
3.35845 51000
3.3593 50000
3.36016 49000
3.36016 50000
3.36016 51000
3.36101 50000
3.36186 49000
3.36186 50000
3.36186 51000
3.36271 50000
3.36357 49000
3.36357 50000
3.36357 51000
3.36442 50000
3.36527 49000
3.36527 50000
3.36527 51000
3.36612 50000
3.36698 49000
3.36698 50000
3.36698 51000
3.36783 50000
3.36868 49000
3.36868 50000
3.36868 51000
3.36953 50000
3.37039 49000
3.37039 50000
3.37039 51000
3.37124 50000
3.37209 49000
3.37209 50000
3.37209 51000
3.37294 50000
3.37379 49000
3.37379 50000
3.37379 51000
3.37465 50000
3.3755 49000
3.3755 50000
3.3755 51000
3.37635 50000
3.3772 49000
3.3772 50000
3.3772 51000
3.37806 50000
3.37891 49000
3.37891 50000
3.37891 51000
3.37976 50000
3.38061 49000
3.38061 50000
3.38061 51000
3.38146 50000
3.3823 49000
3.3823 50000
3.3823 51000
3.38314 50000
3.38399 49000
3.38399 50000
3.38399 51000
3.38483 50000
3.38567 49000
3.38567 50000
3.38567 51000
3.38652 50000
3.38736 49000
3.38736 50000
3.38736 51000
3.3882 50000
3.38905 49000
3.38905 50000
3.38905 51000
3.38989 50000
3.39073 49000
3.39073 50000
3.39073 51000
3.39158 50000
3.39242 49000
3.39242 50000
3.39242 51000
3.39326 50000
3.3941 49000
3.3941 50000
3.3941 51000
3.39495 50000
3.39579 49000
3.39579 50000
3.39579 51000
3.39663 50000
3.39748 49000
3.39748 50000
3.39748 51000
3.39832 50000
3.39916 49000
3.39916 50000
3.39916 51000
3.40001 50000
3.40085 49000
3.40085 50000
3.40085 51000
3.40169 50000
3.40254 49000
3.40254 50000
3.40254 51000
3.40338 50000
3.40422 49000
3.40422 50000
3.40422 51000
3.40507 50000
3.40591 49000
3.40591 50000
3.40591 51000
3.40675 50000
3.4076 49000
3.4076 50000
3.4076 51000
3.40844 50000
3.40928 49000
3.40928 50000
3.40928 51000
3.41013 50000
3.41097 49000
3.41097 50000
3.41097 51000
3.41181 50000
3.41266 49000
3.41266 50000
3.41266 51000
3.4135 50000
3.41434 49000
3.41434 50000
3.41434 51000
3.41518 50000
3.41603 49000
3.41603 50000
3.41603 51000
3.41687 50000
3.41771 49000
3.41771 50000
3.41771 51000
3.41856 50000
3.4194 49000
3.4194 50000
3.4194 51000
3.42024 50000
3.42109 49000
3.42109 50000
3.42109 51000
3.42193 50000
3.42277 49000
3.42277 50000
3.42277 51000
3.42362 50000
3.42446 49000
3.42446 50000
3.42446 51000
3.4253 50000
3.42615 49000
3.42615 50000
3.42615 51000
3.42699 50000
3.42783 49000
3.42783 50000
3.42783 51000
3.42868 50000
3.42952 49000
3.42952 50000
3.42952 51000
3.43036 50000
3.43121 49000
3.43121 50000
3.43121 51000
3.43205 50000
3.43289 49000
3.43289 50000
3.43289 51000
3.43374 50000
3.43458 49000
3.43458 50000
3.43458 51000
3.43542 50000
3.43626 49000
3.43626 50000
3.43626 51000
3.43711 50000
3.43795 49000
3.43795 50000
3.43795 51000
3.43879 50000
3.43964 49000
3.43964 50000
3.43964 51000
3.44048 50000
3.44132 49000
3.44132 50000
3.44132 51000
3.44217 50000
3.44301 49000
3.44301 50000
3.44301 51000
3.44385 50000
3.4447 49000
3.4447 50000
3.4447 51000
3.44554 50000
3.44638 49000
3.44638 50000
3.44638 51000
3.44723 50000
3.44807 49000
3.44807 50000
3.44807 51000
3.44891 50000
3.44976 49000
3.44976 50000
3.44976 51000
3.4506 50000
3.45144 49000
3.45144 50000
3.45144 51000
3.45229 50000
3.45313 49000
3.45313 50000
3.45313 51000
3.45397 50000
3.45482 49000
3.45482 50000
3.45482 51000
3.45566 50000
3.4565 49000
3.4565 50000
3.4565 51000
3.45734 50000
3.45819 49000
3.45819 50000
3.45819 51000
3.45903 50000
3.45987 49000
3.45987 50000
3.45987 51000
3.46072 50000
3.46156 49000
3.46156 50000
3.46156 51000
3.4624 50000
3.46325 49000
3.46325 50000
3.46325 51000
3.46409 50000
3.46493 49000
3.46493 50000
3.46493 51000
3.46578 50000
3.46662 49000
3.46662 50000
3.46662 51000
3.46746 50000
3.46831 49000
3.46831 50000
3.46831 51000
3.46915 50000
3.46999 49000
3.46999 50000
3.46999 51000
3.47084 50000
3.47168 49000
3.47168 50000
3.47168 51000
3.47252 50000
3.47337 49000
3.47337 50000
3.47337 51000
3.47421 50000
3.47505 49000
3.47505 50000
3.47505 51000
3.4759 50000
3.47674 49000
3.47674 50000
3.47674 51000
3.47758 50000
3.47842 49000
3.47842 50000
3.47842 51000
3.47927 50000
3.48011 49000
3.48011 50000
3.48011 51000
3.48095 50000
3.4818 49000
3.4818 50000
3.4818 51000
3.48264 50000
3.48348 49000
3.48348 50000
3.48348 51000
3.48433 50000
3.48517 49000
3.48517 50000
3.48517 51000
3.48601 50000
3.48686 49000
3.48686 50000
3.48686 51000
3.4877 50000
3.48854 49000
3.48854 50000
3.48854 51000
3.48939 50000
3.49023 49000
3.49023 50000
3.49023 51000
3.49107 50000
3.49192 49000
3.49192 50000
3.49192 51000
3.49276 50000
3.4936 49000
3.4936 50000
3.4936 51000
3.49445 50000
3.49529 49000
3.49529 50000
3.49529 51000
3.49613 50000
